5

33 36
78
13 5
4 10
6 33
1 14
7 14
25 23
4 24
21 16
22 35
8 15
0 26
17 26
10 19
10 5
18 18
3 5
9 1
19 31
10 33
21 9
23 32
10 14
20 11
6 29
28 19
2 8
6 14
5 4
7 33
15 32
3 20
20 34
24 13
23 0
21 18
15 2
21 2
2 15
20 7
12 24
20 32
9 15
32 26
7 24
30 8
30 19
4 34
9 30
20 27
25 2
7 35
18 5
29 33
30 16
23 25
29 26
22 33
32 28
20 4
24 27
25 33
14 21
2 9
19 3
16 5
27 6
17 22
14 23
29 28
27 20
20 3
26 18
27 16
29 4
30 24
26 14
4 2
12 13
5 1

5 29
89
4 28
1 20
3 6
4 10
4 15
2 25
3 16
2 1
4 3
2 27
2 14
0 9
4 27
3 23
4 15
0 3
3 27
3 8
3 3
1 26
3 18
3 8
1 9
4 13
3 22
4 6
2 5
4 11
0 13
0 5
2 27
4 27
0 15
4 14
4 10
2 0
2 10
0 18
3 3
2 16
4 5
1 25
0 1
1 7
0 4
1 27
3 4
0 4
4 16
2 1
3 13
2 10
4 24
2 7
0 22
2 15
4 9
3 1
3 11
1 17
3 4
0 2
4 12
4 20
4 16
3 18
0 7
1 17
4 19
0 13
1 18
1 2
0 25
4 2
2 4
3 15
4 6
1 1
2 16
1 1
3 27
1 18
4 2
1 21
4 1
0 25
0 10
2 2
4 16
5 1

20 24
23
9 20
1 6
4 4
12 8
10 1
5 14
19 16
2 2
13 2
10 12
10 17
1 3
16 12
15 2
4 11
9 9
16 18
15 4
2 11
4 1
5 5
7 8
13 1
5 1

4 26
60
0 20
2 14
0 15
2 24
0 11
0 4
2 12
0 14
1 4
3 25
1 8
2 2
3 18
0 15
0 6
0 1
1 8
3 25
3 17
1 20
2 23
0 12
3 20
1 5
0 10
2 17
0 14
0 25
2 8
0 14
2 1
3 15
3 4
0 11
0 15
3 0
3 9
3 0
3 16
3 3
0 13
1 22
1 19
3 9
1 12
2 15
1 15
3 0
0 23
3 18
1 20
2 6
1 7
2 8
1 16
0 1
3 9
1 9
2 21
0 3
5 1

27 34
91
13 22
2 16
11 3
23 14
4 32
6 4
18 6
20 4
19 20
19 17
19 19
3 11
19 19
1 32
10 20
25 14
5 6
24 18
16 23
17 1
2 24
6 29
16 10
19 16
16 12
9 0
25 9
17 15
16 1
18 11
3 29
23 11
5 5
13 27
18 1
4 31
15 24
19 4
16 27
3 4
11 27
19 19
18 24
16 13
22 23
7 28
1 25
22 1
1 16
17 32
16 13
6 25
11 30
26 11
25 31
10 19
8 28
8 8
17 13
7 26
25 21
0 2
22 8
22 16
9 14
9 16
12 25
19 4
3 18
12 1
25 5
16 21
3 33
22 18
16 0
11 31
21 6
3 7
11 19
6 13
0 27
19 9
8 19
25 22
19 11
2 1
11 18
13 16
21 27
24 4
15 27
5 1
