5

28 21
78
19 8
3 10
16 15
17 2
19 20
11 20
14 3
22 16
16 17
0 12
9 2
26 5
27 1
19 5
14 3
26 17
23 1
0 16
2 15
25 12
7 20
17 20
16 2
22 17
26 7
8 8
9 11
18 1
17 9
13 11
19 17
5 19
25 10
21 12
3 9
17 17
23 11
0 9
14 7
24 12
14 11
4 0
23 8
15 12
4 5
0 7
8 4
6 18
7 18
14 17
14 8
5 14
6 3
0 13
8 4
16 20
13 0
13 13
15 19
17 3
25 3
11 3
19 15
19 18
24 5
5 15
21 1
15 11
12 7
3 11
25 3
11 3
24 10
3 10
9 18
11 11
5 20
19 4
5 1

15 54
89
14 50
1 14
13 22
14 22
9 16
2 8
3 9
2 31
9 34
7 29
2 46
5 29
9 25
8 25
14 1
0 43
8 38
3 15
3 9
11 28
13 25
8 2
11 34
4 4
3 0
9 45
2 36
14 39
0 29
5 5
7 47
4 6
5 29
14 16
9 38
12 26
7 21
0 22
8 41
2 48
14 21
1 50
10 22
11 28
0 7
1 6
13 5
0 26
4 12
12 35
8 10
12 38
14 15
12 50
0 48
2 5
9 46
8 35
3 53
6 28
13 20
10 39
4 47
14 22
9 15
13 18
5 43
11 20
14 24
10 38
6 6
6 49
0 24
4 30
2 2
13 46
9 39
11 26
12 5
6 15
13 30
1 25
14 13
6 2
4 7
5 17
5 24
2 44
9 22
5 1

30 19
23
29 18
1 3
14 2
12 10
20 3
15 5
19 12
2 0
23 0
20 2
20 17
21 12
16 4
25 11
4 12
29 16
26 7
25 6
22 8
4 7
25 18
7 4
13 15
5 1

49 41
60
14 34
14 12
18 12
20 3
22 4
36 33
28 25
10 9
45 22
11 15
28 11
3 26
4 35
44 7
40 2
46 36
12 29
13 33
27 34
35 2
12 16
31 5
14 36
23 12
16 22
45 15
1 36
2 1
13 1
26 31
7 0
20 40
45 33
5 34
23 31
30 26
19 36
37 11
9 8
0 9
1 13
31 26
0 30
12 40
40 38
23 34
24 18
23 30
33 29
0 40
25 22
3 33
47 18
38 9
7 31
43 19
40 5
15 16
19 34
10 25
5 1

52 29
91
50 8
1 21
4 24
38 9
18 4
42 6
14 5
32 20
49 21
38 24
30 4
24 25
25 1
35 26
6 8
27 16
14 11
31 20
5 16
18 12
29 23
49 1
8 4
18 21
4 5
33 22
28 6
25 9
31 7
34 18
43 0
42 15
13 28
51 2
42 27
18 19
1 9
15 5
50 14
44 1
13 5
41 13
10 5
19 3
3 22
27 11
14 20
27 17
42 16
22 26
47 10
31 20
9 0
35 24
3 6
13 10
32 12
34 6
21 9
32 14
34 24
47 8
28 7
0 26
1 0
30 1
15 23
21 21
32 1
7 14
35 5
4 2
27 11
34 6
20 3
25 7
25 10
27 5
46 25
51 4
26 1
44 20
42 11
42 3
46 13
34 4
22 5
21 7
29 8
22 0
21 18
5 1
